{"frame_ID": 0, "pose": [[1.0, 0.0, 0.0, 0.0], [0.0, 1.0, 0.0, 0.0], [0.0, 0.0, 1.0, 0.0]], "rmat": [[1.0, 0.0, 0.0], [0.0, 1.0, 0.0], [0.0, 0.0, 1.0]], "tvec": [0.0, 0.0, 0.0], "position": [0.0, 0.0, 0.0]}
{"frame_ID": 1, "pose": [[0.9999910525658214, 0.0030977317417544914, 0.0028807718334871676, 0.021742327229075542], [-0.003103216585280239, 0.9999933772787563, 0.0019014324736687767, 0.00616919776160052], [-0.0028748626272098606, -0.0019103551196589593, 0.9999940428363518, -0.6685036463865899]], "rmat": [[0.9999910525658214, 0.0030977317417544914, 0.0028807718334871676], [-0.003103216585280239, 0.9999933772787563, 0.0019014324736687767], [-0.0028748626272098606, -0.0019103551196589593, 0.9999940428363518]], "tvec": [0.021742327229075542, 0.00616919776160052, -0.6685036463865899], "position": [-0.023644844483372424, -0.007513588165305873, 0.6684252990041326]}
{"frame_ID": 2, "pose": [[0.9999772895743888, 0.00198961799299136, 0.006439080345892951, 0.0431762880852844], [-0.0020105978795494864, 0.9999926864801628, 0.00325338014279803, 0.012277356432609965], [-0.0064325602698809565, -0.0032662526584400138, 0.9999739765423626, -1.3270535843410798]], "rmat": [[0.9999772895743888, 0.00198961799299136, 0.006439080345892951], [-0.0020105978795494864, 0.9999926864801628, 0.00325338014279803], [-0.0064325602698809565, -0.0032662526584400138, 0.9999739765423626]], "tvec": [0.0431762880852844, 0.012277356432609965, -1.3270535843410798], "position": [-0.051686974869231336, -0.01669766325931161, 1.3267010913227026]}
{"frame_ID": 3, "pose": [[0.9999472087245609, 0.0019960945609277633, 0.010079452885114994, 0.04823308029731521], [-0.0020427712475916617, 0.999987228759808, 0.004622705150613877, 0.01248086883859223], [-0.010070096801393282, -0.0046430511286581645, 0.9999385157231555, -2.0585885818525824]], "rmat": [[0.9999472087245609, 0.0019960945609277633, 0.010079452885114994], [-0.0020427712475916617, 0.999987228759808, 0.004622705150613877], [-0.010070096801393282, -0.0046430511286581645, 0.9999385157231555]], "tvec": [0.04823308029731521, 0.01248086883859223, -2.0585885818525824], "position": [-0.06893522474497796, -0.022135119270070194, 2.057918152585282]}
